1031	00000000010000000111
1033	00000000010000001001
1039	00000000010000001111
1049	00000000010000011001
1051	00000000010000011011
1061	00000000010000100101
1063	00000000010000100111
1069	00000000010000101101
1087	00000000010000111111
1091	00000000010001000011
1093	00000000010001000101
1097	00000000010001001001
1103	00000000010001001111
1109	00000000010001010101
1117	00000000010001011101
1123	00000000010001100011
1129	00000000010001101001
1151	00000000010001111111
1153	00000000010010000001
1163	00000000010010001011
1171	00000000010010010011
1181	00000000010010011101
1187	00000000010010100011
1193	00000000010010101001
1201	00000000010010110001
1213	00000000010010111101
1217	00000000010011000001
1223	00000000010011000111
1229	00000000010011001101
1231	00000000010011001111
1237	00000000010011010101
1249	00000000010011100001
1259	00000000010011101011
1277	00000000010011111101
1279	00000000010011111111
1283	00000000010100000011
1289	00000000010100001001
1291	00000000010100001011
1297	00000000010100010001
1301	00000000010100010101
1303	00000000010100010111
1307	00000000010100011011
1319	00000000010100100111
1321	00000000010100101001
1327	00000000010100101111
1361	00000000010101010001
1367	00000000010101010111
1373	00000000010101011101
1381	00000000010101100101
1399	00000000010101110111
1409	00000000010110000001
1423	00000000010110001111
1427	00000000010110010011
1429	00000000010110010101
1433	00000000010110011001
1439	00000000010110011111
1447	00000000010110100111
1451	00000000010110101011
1453	00000000010110101101
1459	00000000010110110011
1471	00000000010110111111
1481	00000000010111001001
1483	00000000010111001011
1487	00000000010111001111
1489	00000000010111010001
1493	00000000010111010101
1499	00000000010111011011
1511	00000000010111100111
1523	00000000010111110011
1531	00000000010111111011
1543	00000000011000000111
1549	00000000011000001101
1553	00000000011000010001
1559	00000000011000010111
1567	00000000011000011111
1571	00000000011000100011
1579	00000000011000101011
1583	00000000011000101111
1597	00000000011000111101
1601	00000000011001000001
1607	00000000011001000111
1609	00000000011001001001
1613	00000000011001001101
1619	00000000011001010011
1621	00000000011001010101
1627	00000000011001011011
1637	00000000011001100101
1657	00000000011001111001
1663	00000000011001111111
1667	00000000011010000011
1669	00000000011010000101
1693	00000000011010011101
1697	00000000011010100001
1699	00000000011010100011
1709	00000000011010101101
1721	00000000011010111001
1723	00000000011010111011
1733	00000000011011000101
1741	00000000011011001101
1747	00000000011011010011
1753	00000000011011011001
1759	00000000011011011111
1777	00000000011011110001
1783	00000000011011110111
1787	00000000011011111011
1789	00000000011011111101
1801	00000000011100001001
1811	00000000011100010011
1823	00000000011100011111
1831	00000000011100100111
1847	00000000011100110111
1861	00000000011101000101
1867	00000000011101001011
1871	00000000011101001111
1873	00000000011101010001
1877	00000000011101010101
1879	00000000011101010111
1889	00000000011101100001
1901	00000000011101101101
1907	00000000011101110011
1913	00000000011101111001
1931	00000000011110001011
1933	00000000011110001101
1949	00000000011110011101
1951	00000000011110011111
1973	00000000011110110101
1979	00000000011110111011
1987	00000000011111000011
1993	00000000011111001001
1997	00000000011111001101
1999	00000000011111001111
2003	00000000011111010011
2011	00000000011111011011
2017	00000000011111100001
2027	00000000011111101011
2029	00000000011111101101
2039	00000000011111110111
